0 1 0
1 2 -10
2 3 -29
3 4 -25
4 5 35
5 6 158
6 7 337
7 8 539
8 9 732
9 10 915
10 11 1098
11 12 1281
12 13 1464
13 14 1647
14 15 1830
15 16 2013
16 17 2196
17 18 2379
18 19 2562
19 20 2745
20 21 2928
21 22 3111
22 23 3294
23 24 3477
24 25 3660
25 26 3843
26 27 4026
27 28 4209
28 29 4392
29 30 4575
30 31 4758
31 32 4941
32 33 5124
33 34 5307
34 35 5490
35 36 5673
36 37 5856
37 38 6039
38 39 6222
39 40 6405
40 41 6588
41 42 6771
42 43 6954
43 44 7137
44 45 7320
45 46 7503
46 47 7686
47 48 7869
48 49 8052
49 50 8235
50 51 8418
51 52 8601
52 53 8784
53 54 8967
54 55 9150
55 56 9333
56 57 9516
57 58 9699
58 59 9882
59 60 10065
60 61 10248
61 62 10431
62 63 10614
63 64 10797
64 65 10980
65 66 11163
66 67 11346
67 68 11529
68 69 11712
69 70 11895
70 71 12078
71 72 12261
72 73 12444
73 74 12627
74 75 12810
75 74 12993
76 73 13196
77 72 13417
78 71 13592
79 70 13655
80 69 13592
81 68 13417
82 67 13196
83 66 12993
84 65 12810
85 64 12627
86 63 12444
87 62 12261
88 61 12078
89 60 11895
90 59 11712
91 58 11529
92 57 11346
93 56 11163
94 55 10980
95 54 10797
96 53 10614
97 52 10431
98 51 10248
99 50 10065
100 49 9882
101 48 9699
102 47 9516
103 46 9333
104 45 9150
105 44 8967
106 43 8784
107 42 8601
108 41 8418
109 40 8235
110 39 8052
111 38 7869
112 37 7686
113 36 7503
114 35 7320
115 34 7137
116 33 6954
117 32 6771
118 31 6588
119 30 6405
120 29 6222
121 28 6039
122 27 5856
123 26 5673
124 25 5490
125 24 5307
126 23 5124
127 22 4941
128 21 4758
129 20 4575
130 19 4392
131 18 4209
132 17 4026
133 16 3843
134 15 3660
135 14 3477
136 13 3294
137 12 3111
138 11 2928
139 10 2745
140 9 2562
141 8 2379
142 7 2196
143 6 2013
144 5 1830
145 4 1647
146 3 1464
147 2 1281
148 1 1098
149 0 915
150 -1 732
151 -2 549
152 -3 366
153 -4 183
154 -5 0
155 -6 -183
156 -7 -366
157 -8 -549
158 -9 -732
159 -10 -915
160 -11 -1098
161 -12 -1281
162 -13 -1464
163 -14 -1647
164 -15 -1830
165 -16 -2013
166 -17 -2196
167 -18 -2379
168 -19 -2562
169 -20 -2745
170 -21 -2928
171 -22 -3111
172 -23 -3294
173 -24 -3477
174 -25 -3660
175 -26 -3843
176 -27 -4026
177 -28 -4209
178 -29 -4392
179 -30 -4575
180 -31 -4758
181 -32 -4941
182 -33 -5124
183 -34 -5307
184 -35 -5490
185 -36 -5673
186 -37 -5856
187 -38 -6039
188 -39 -6222
189 -40 -6405
190 -41 -6588
191 -42 -6771
192 -43 -6954
193 -44 -7137
194 -45 -7320
195 -46 -7503
196 -47 -7686
197 -48 -7869
198 -49 -8052
199 -50 -8235
200 -51 -8418
201 -52 -8601
202 -53 -8784
203 -54 -8967
204 -55 -9150
205 -56 -9333
206 -57 -9516
207 -58 -9699
208 -59 -9882
209 -60 -10065
210 -61 -10248
211 -62 -10431
212 -63 -10614
213 -64 -10797
214 -65 -10980
215 -66 -11163
216 -67 -11346
217 -68 -11529
218 -69 -11712
219 -70 -11895
220 -71 -12078
221 -72 -12261
222 -73 -12444
223 -74 -12627
224 -75 -12810
225 -74 -12993
226 -73 -13196
227 -72 -13417
228 -71 -13592
229 -70 -13655
230 -69 -13592
231 -68 -13417
232 -67 -13196
233 -66 -12993
234 -65 -12810
235 -64 -12627
236 -63 -12444
237 -62 -12261
238 -61 -12078
239 -60 -11895
240 -59 -11712
241 -58 -11529
242 -57 -11346
243 -56 -11163
244 -55 -10980
245 -54 -10797
246 -53 -10614
247 -52 -10431
248 -51 -10248
249 -50 -10065
250 -49 -9882
251 -48 -9699
252 -47 -9516
253 -46 -9333
254 -45 -9150
255 -44 -8967
256 -43 -8784
257 -42 -8601
258 -41 -8418
259 -40 -8235
260 -39 -8052
261 -38 -7869
262 -37 -7686
263 -36 -7503
264 -35 -7320
265 -34 -7137
266 -33 -6954
267 -32 -6771
268 -31 -6588
269 -30 -6405
270 -29 -6222
271 -28 -6039
272 -27 -5856
273 -26 -5673
274 -25 -5490
275 -24 -5307
276 -23 -5124
277 -22 -4941
278 -21 -4758
279 -20 -4575
280 -19 -4392
281 -18 -4209
282 -17 -4026
283 -16 -3843
284 -15 -3660
285 -14 -3477
286 -13 -3294
287 -12 -3111
288 -11 -2928
289 -10 -2745
290 -9 -2562
291 -8 -2379
292 -7 -2196
293 -6 -2013
294 -5 -1830
295 -4 -1647
296 -3 -1464
297 -2 -1281
298 -1 -1098
299 0 -915
300 1 -732
301 2 -549
302 3 -366
303 4 -183
304 5 0
305 6 183
306 7 366
307 8 549
308 9 732
309 10 915
310 11 1098
311 12 1281
312 13 1464
313 14 1647
314 15 1830
315 16 2013
316 17 2196
317 18 2379
318 19 2562
319 20 2745
320 21 2928
321 22 3111
322 23 3294
323 24 3477
324 25 3660
325 26 3843
326 27 4026
327 28 4209
328 29 4392
329 30 4575
330 31 4758
331 32 4941
332 33 5124
333 34 5307
334 35 5490
335 36 5673
336 37 5856
337 38 6039
338 39 6222
339 40 6405
340 41 6588
341 42 6771
342 43 6954
343 44 7137
344 45 7320
345 46 7503
346 47 7686
347 48 7869
348 49 8052
349 50 8235
350 51 8418
351 52 8601
352 53 8784
353 54 8967
354 55 9150
355 56 9333
356 57 9516
357 58 9699
358 59 9882
359 60 10065
360 61 10248
361 62 10431
362 63 10614
363 64 10797
364 65 10980
365 66 11163
366 67 11346
367 68 11529
368 69 11712
369 70 11895
370 71 12078
371 72 12261
372 73 12444
373 74 12627
374 75 12810
375 74 12993
376 73 13196
377 72 13417
378 71 13592
379 70 13655
380 69 13592
381 68 13417
382 67 13196
383 66 12993
384 65 12810
385 64 12627
386 63 12444
387 62 12261
388 61 12078
389 60 11895
390 59 11712
391 58 11529
392 57 11346
393 56 11163
394 55 10980
395 54 10797
396 53 10614
397 52 10431
398 51 10248
399 50 10065
400 49 9882
401 48 9699
402 47 9516
403 46 9333
404 45 9150
405 44 8967
406 43 8784
407 42 8601
408 41 8418
409 40 8235
410 39 8052
411 38 7869
412 37 7686
413 36 7503
414 35 7320
415 34 7137
416 33 6954
417 32 6771
418 31 6588
419 30 6405
420 29 6222
421 28 6039
422 27 5856
423 26 5673
424 25 5490
425 24 5307
426 23 5124
427 22 4941
428 21 4758
429 20 4575
430 19 4392
431 18 4209
432 17 4026
433 16 3843
434 15 3660
435 14 3477
436 13 3294
437 12 3111
438 11 2928
439 10 2745
440 9 2562
441 8 2379
442 7 2196
443 6 2013
444 5 1830
445 4 1647
446 3 1464
447 2 1281
448 1 1098
449 0 915
450 -1 732
451 -2 549
452 -3 366
453 -4 183
454 -5 0
455 -6 -183
456 -7 -366
457 -8 -549
458 -9 -732
459 -10 -915
460 -11 -1098
461 -12 -1281
462 -13 -1464
463 -14 -1647
464 -15 -1830
465 -16 -2013
466 -17 -2196
467 -18 -2379
468 -19 -2562
469 -20 -2745
470 -21 -2928
471 -22 -3111
472 -23 -3294
473 -24 -3477
474 -25 -3660
475 -26 -3843
476 -27 -4026
477 -28 -4209
478 -29 -4392
479 -30 -4575
480 -31 -4758
481 -32 -4941
482 -33 -5124
483 -34 -5307
484 -35 -5490
485 -36 -5673
486 -37 -5856
487 -38 -6039
488 -39 -6222
489 -40 -6405
490 -41 -6588
491 -42 -6771
492 -43 -6954
493 -44 -7137
494 -45 -7320
495 -46 -7503
496 -47 -7686
497 -48 -7869
498 -49 -8052
499 -50 -8235
500 -51 -8418
501 -52 -8601
502 -53 -8784
503 -54 -8967
504 -55 -9150
505 -56 -9333
506 -57 -9516
507 -58 -9699
508 -59 -9882
509 -60 -10065
510 -61 -10248
511 -62 -10431
512 -63 -10614
513 -64 -10797
514 -65 -10980
515 -66 -11163
516 -67 -11346
517 -68 -11529
518 -69 -11712
519 -70 -11895
520 -71 -12078
521 -72 -12261
522 -73 -12444
523 -74 -12627
524 -75 -12810
525 -74 -12993
526 -73 -13196
527 -72 -13417
528 -71 -13592
529 -70 -13655
530 -69 -13592
531 -68 -13417
532 -67 -13196
533 -66 -12993
534 -65 -12810
535 -64 -12627
536 -63 -12444
537 -62 -12261
538 -61 -12078
539 -60 -11895
540 -59 -11712
541 -58 -11529
542 -57 -11346
543 -56 -11163
544 -55 -10980
545 -54 -10797
546 -53 -10614
547 -52 -10431
548 -51 -10248
549 -50 -10065
550 -49 -9882
551 -48 -9699
552 -47 -9516
553 -46 -9333
554 -45 -9150
555 -44 -8967
556 -43 -8784
557 -42 -8601
558 -41 -8418
559 -40 -8235
560 -39 -8052
561 -38 -7869
562 -37 -7686
563 -36 -7503
564 -35 -7320
565 -34 -7137
566 -33 -6954
567 -32 -6771
568 -31 -6588
569 -30 -6405
570 -29 -6222
571 -28 -6039
572 -27 -5856
573 -26 -5673
574 -25 -5490
575 -24 -5307
576 -23 -5124
577 -22 -4941
578 -21 -4758
579 -20 -4575
580 -19 -4392
581 -18 -4209
582 -17 -4026
583 -16 -3843
584 -15 -3660
585 -14 -3477
586 -13 -3294
587 -12 -3111
588 -11 -2928
589 -10 -2745
590 -9 -2562
591 -8 -2379
592 -7 -2196
593 -6 -2013
594 -5 -1830
595 -4 -1647
596 -3 -1464
597 -2 -1281
598 -1 -1098
599 0 -915
600 1 -732
